alpha: 0.46102711075125935
atom_featurizer_type: Canonical
batch_size: 128
bond_featurizer_type: Canonical
dropout: 0.0038617367455993754
epochs: 100
gnn_hidden_feats: 32
in_node_feats: 74
lr: 0.06845693616172435
model: GAT
n_tasks: 1
num_gnn_layers: 5
num_heads: 4
patience: 30
predictor_hidden_feats: 128
residual: false
val_split: 0.1
weight_decay: 0.0015123787688032624
