alpha: 0.40817826804375357
atom_featurizer_type: Canonical
batch_size: 64
bond_featurizer_type: Canonical
dropout: 0.027030371093654824
epochs: 100
gnn_hidden_feats: 128
in_node_feats: 74
lr: 0.043501623509830264
model: GAT
n_tasks: 1
num_gnn_layers: 1
num_heads: 6
patience: 30
predictor_hidden_feats: 16
residual: true
val_split: 0.1
weight_decay: 0.002648650501083078
