alpha: 0.7763053817408838
atom_featurizer_type: Canonical
batch_size: 32
bond_featurizer_type: Canonical
dropout: 0.2747936623119541
epochs: 100
gnn_hidden_feats: 32
in_node_feats: 74
lr: 0.014368471181910899
model: GAT
n_tasks: 1
num_gnn_layers: 1
num_heads: 4
patience: 30
predictor_hidden_feats: 32
residual: true
val_split: 0.1
weight_decay: 0.0024712915167517096
