alpha: 0.9176679273672445
atom_featurizer_type: Canonical
batch_size: 32
bond_featurizer_type: Canonical
dropout: 0.07738825017983438
epochs: 100
gnn_hidden_feats: 32
in_node_feats: 74
lr: 0.036061021261975836
model: GAT
n_tasks: 1
num_gnn_layers: 5
num_heads: 6
patience: 30
predictor_hidden_feats: 256
residual: false
val_split: 0.1
weight_decay: 0.000574441894226785
