atom_featurizer_type: Attentivefp
batch_size: 64
bond_featurizer_type: Attentivefp
dropout: 0.226543313862453
epochs: 100
graph_feat_size: 256
in_edge_feats: 11
in_node_feats: 39
lr: 0.03121098248991899
model: AFP
n_tasks: 1
num_layers: 5
num_timesteps: 4
patience: 30
val_split: 0.1
weight_decay: 0.002080499972844887
