alpha: 0.836769224240301
atom_featurizer_type: Canonical
batch_size: 128
bond_featurizer_type: Canonical
dropout: 0.06969393619143464
epochs: 100
gnn_hidden_feats: 64
in_node_feats: 74
lr: 0.0456575795848476
model: GAT
n_tasks: 1
num_gnn_layers: 2
num_heads: 4
patience: 30
predictor_hidden_feats: 16
residual: false
val_split: 0.1
weight_decay: 0.00017864924565873686
