atom_featurizer_type: Attentivefp
batch_size: 32
bond_featurizer_type: Attentivefp
dropout: 0.034238879488911377
epochs: 100
graph_feat_size: 16
in_edge_feats: 11
in_node_feats: 39
lr: 0.06323885538224785
model: AFP
n_tasks: 1
num_layers: 3
num_timesteps: 3
patience: 30
val_split: 0.1
weight_decay: 0.002373270956606481
