alpha: 0.36715097571787014
atom_featurizer_type: Canonical
batch_size: 128
bond_featurizer_type: Canonical
dropout: 0.15565178656993997
epochs: 100
gnn_hidden_feats: 128
in_node_feats: 74
lr: 0.230851090916225
model: GAT
n_tasks: 1
num_gnn_layers: 1
num_heads: 8
patience: 30
predictor_hidden_feats: 128
residual: false
val_split: 0.1
weight_decay: 0.0011458973994436577
