atom_featurizer_type: Attentivefp
batch_size: 128
bond_featurizer_type: Attentivefp
dropout: 0.4040704799250842
epochs: 100
graph_feat_size: 64
in_edge_feats: 11
in_node_feats: 39
lr: 0.03082458287748628
model: AFP
n_tasks: 1
num_layers: 1
num_timesteps: 2
patience: 30
val_split: 0.1
weight_decay: 0.001154875425505664
