alpha: 0.8469790584081707
atom_featurizer_type: Canonical
batch_size: 32
bond_featurizer_type: Canonical
dropout: 0.09131570487435665
epochs: 100
gnn_hidden_feats: 32
in_node_feats: 74
lr: 0.009906437108388401
model: GAT
n_tasks: 1
num_gnn_layers: 3
num_heads: 4
patience: 30
predictor_hidden_feats: 128
residual: true
val_split: 0.1
weight_decay: 0.0021761316079823186
