alpha: 0.5310965903430502
atom_featurizer_type: Canonical
batch_size: 128
bond_featurizer_type: Canonical
dropout: 0.043756311778706265
epochs: 100
gnn_hidden_feats: 128
in_node_feats: 74
lr: 0.00538662868028302
model: GAT
n_tasks: 1
num_gnn_layers: 1
num_heads: 6
patience: 30
predictor_hidden_feats: 64
residual: false
val_split: 0.1
weight_decay: 0.00042088350385778074
