alpha: 0.19765146249814103
atom_featurizer_type: Canonical
batch_size: 32
bond_featurizer_type: Canonical
dropout: 0.10483616670952513
epochs: 100
gnn_hidden_feats: 64
in_node_feats: 74
lr: 0.08041715302250486
model: GAT
n_tasks: 1
num_gnn_layers: 2
num_heads: 6
patience: 30
predictor_hidden_feats: 256
residual: false
val_split: 0.1
weight_decay: 4.612016755248694e-05
