alpha: 0.7154532750395789
atom_featurizer_type: Canonical
batch_size: 128
bond_featurizer_type: Canonical
dropout: 0.047027043728098204
epochs: 100
gnn_hidden_feats: 256
in_node_feats: 74
lr: 0.1505126011395646
model: GAT
n_tasks: 1
num_gnn_layers: 1
num_heads: 6
patience: 30
predictor_hidden_feats: 64
residual: true
val_split: 0.1
weight_decay: 0.0006971168394835787
