atom_featurizer_type: Attentivefp
batch_size: 64
bond_featurizer_type: Attentivefp
dropout: 0.14295311672192765
epochs: 100
graph_feat_size: 32
in_edge_feats: 11
in_node_feats: 39
lr: 0.004467097156766783
model: AFP
n_tasks: 1
num_layers: 4
num_timesteps: 5
patience: 30
val_split: 0.1
weight_decay: 0.0002611917727976595
