alpha: 0.6309827726219148
atom_featurizer_type: Canonical
batch_size: 32
bond_featurizer_type: Canonical
dropout: 0.04820497195364541
epochs: 100
gnn_hidden_feats: 64
in_node_feats: 74
lr: 0.03480973505989482
model: GAT
n_tasks: 1
num_gnn_layers: 3
num_heads: 8
patience: 30
predictor_hidden_feats: 128
residual: true
val_split: 0.1
weight_decay: 0.0026213936551662278
