alpha: 0.9464362224737372
atom_featurizer_type: Canonical
batch_size: 128
bond_featurizer_type: Canonical
dropout: 0.2234526331670326
epochs: 100
gnn_hidden_feats: 64
in_node_feats: 74
lr: 0.05869178408367527
model: GAT
n_tasks: 1
num_gnn_layers: 1
num_heads: 6
patience: 30
predictor_hidden_feats: 256
residual: false
val_split: 0.1
weight_decay: 0.0027846806391651157
