atom_featurizer_type: Attentivefp
batch_size: 32
bond_featurizer_type: Attentivefp
dropout: 0.43258135661883274
epochs: 100
graph_feat_size: 32
in_edge_feats: 11
in_node_feats: 39
lr: 0.01653237815252522
model: AFP
n_tasks: 1
num_layers: 3
num_timesteps: 2
patience: 30
val_split: 0.1
weight_decay: 0.0029233048581785597
