alpha: 0.5248335496051669
atom_featurizer_type: Canonical
batch_size: 32
bond_featurizer_type: Canonical
dropout: 0.13574489842035217
epochs: 100
gnn_hidden_feats: 256
in_node_feats: 74
lr: 0.010788595376801798
model: GAT
n_tasks: 1
num_gnn_layers: 1
num_heads: 6
patience: 30
predictor_hidden_feats: 128
residual: false
val_split: 0.1
weight_decay: 0.0010872595349185402
