atom_featurizer_type: Attentivefp
batch_size: 128
bond_featurizer_type: Attentivefp
dropout: 0.20214521417930897
epochs: 100
graph_feat_size: 16
in_edge_feats: 11
in_node_feats: 39
lr: 0.0037966593114063035
model: AFP
n_tasks: 1
num_layers: 4
num_timesteps: 1
patience: 30
val_split: 0.1
weight_decay: 0.0008920971858269028
