alpha: 0.24187131160044484
atom_featurizer_type: Canonical
batch_size: 32
bond_featurizer_type: Canonical
dropout: 0.047154751464303944
epochs: 100
gnn_hidden_feats: 128
in_node_feats: 74
lr: 0.035912305863995735
model: GAT
n_tasks: 1
num_gnn_layers: 4
num_heads: 4
patience: 30
predictor_hidden_feats: 64
residual: false
val_split: 0.1
weight_decay: 0.0008939197613785291
