atom_featurizer_type: Attentivefp
batch_size: 64
bond_featurizer_type: Attentivefp
dropout: 0.20593742593647305
epochs: 100
graph_feat_size: 16
in_edge_feats: 11
in_node_feats: 39
lr: 0.06358392581178632
model: AFP
n_tasks: 1
num_layers: 1
num_timesteps: 5
patience: 30
val_split: 0.1
weight_decay: 0.0023286221202264696
