alpha: 0.8407265406326053
atom_featurizer_type: Canonical
batch_size: 128
bond_featurizer_type: Canonical
dropout: 0.1406663626946739
epochs: 100
gnn_hidden_feats: 128
in_node_feats: 74
lr: 0.0125780088097996
model: GAT
n_tasks: 1
num_gnn_layers: 1
num_heads: 8
patience: 30
predictor_hidden_feats: 64
residual: true
val_split: 0.1
weight_decay: 0.00024208395627644996
