atom_featurizer_type: Attentivefp
batch_size: 32
bond_featurizer_type: Attentivefp
dropout: 0.3663195964043115
epochs: 100
graph_feat_size: 16
in_edge_feats: 11
in_node_feats: 39
lr: 0.004837012171942783
model: AFP
n_tasks: 1
num_layers: 2
num_timesteps: 4
patience: 30
val_split: 0.1
weight_decay: 0.0009041942791277251
