alpha: 0.8561519000238034
atom_featurizer_type: Canonical
batch_size: 32
bond_featurizer_type: Canonical
dropout: 0.18949157204144007
epochs: 100
gnn_hidden_feats: 128
in_node_feats: 74
lr: 0.22859981695673742
model: GAT
n_tasks: 1
num_gnn_layers: 3
num_heads: 6
patience: 30
predictor_hidden_feats: 128
residual: true
val_split: 0.1
weight_decay: 0.0017396670247023021
