atom_featurizer_type: Attentivefp
batch_size: 64
bond_featurizer_type: Attentivefp
dropout: 0.4165851927483806
epochs: 100
graph_feat_size: 128
in_edge_feats: 11
in_node_feats: 39
lr: 0.282263369093279
model: AFP
n_tasks: 1
num_layers: 1
num_timesteps: 5
patience: 30
val_split: 0.1
weight_decay: 0.0007892464871869049
