atom_featurizer_type: Attentivefp
batch_size: 32
bond_featurizer_type: Attentivefp
dropout: 0.44906382170893094
epochs: 100
graph_feat_size: 32
in_edge_feats: 11
in_node_feats: 39
lr: 0.0026427976750847005
model: AFP
n_tasks: 1
num_layers: 5
num_timesteps: 3
patience: 30
val_split: 0.1
weight_decay: 0.0009898537809548639
