alpha: 0.8657085492479499
atom_featurizer_type: Canonical
batch_size: 128
bond_featurizer_type: Canonical
dropout: 0.14957215826803594
epochs: 100
gnn_hidden_feats: 64
in_node_feats: 74
lr: 0.1747228156110057
model: GAT
n_tasks: 1
num_gnn_layers: 1
num_heads: 8
patience: 30
predictor_hidden_feats: 32
residual: true
val_split: 0.1
weight_decay: 0.0006315470869892938
