alpha: 0.9491799439496837
atom_featurizer_type: Canonical
batch_size: 128
bond_featurizer_type: Canonical
dropout: 0.22492152083785347
epochs: 100
gnn_hidden_feats: 32
in_node_feats: 74
lr: 0.24510492841667303
model: GAT
n_tasks: 1
num_gnn_layers: 1
num_heads: 4
patience: 30
predictor_hidden_feats: 256
residual: false
val_split: 0.1
weight_decay: 0.0007419167605779301
