alpha: 0.70136851224726
atom_featurizer_type: Canonical
batch_size: 64
bond_featurizer_type: Canonical
dropout: 0.26725089995440293
epochs: 100
gnn_hidden_feats: 64
in_node_feats: 74
lr: 0.047912573946747576
model: GAT
n_tasks: 1
num_gnn_layers: 1
num_heads: 8
patience: 30
predictor_hidden_feats: 256
residual: true
val_split: 0.1
weight_decay: 0.0016886626005415733
