alpha: 0.9947766042112364
atom_featurizer_type: Canonical
batch_size: 32
bond_featurizer_type: Canonical
dropout: 0.08791566408260784
epochs: 100
gnn_hidden_feats: 128
in_node_feats: 74
lr: 0.03582878462914028
model: GAT
n_tasks: 1
num_gnn_layers: 1
num_heads: 4
patience: 30
predictor_hidden_feats: 32
residual: false
val_split: 0.1
weight_decay: 0.0012183615912891052
