alpha: 0.30213902138817517
atom_featurizer_type: Canonical
batch_size: 128
bond_featurizer_type: Canonical
dropout: 0.0397102739160458
epochs: 100
gnn_hidden_feats: 256
in_node_feats: 74
lr: 0.020828157735444178
model: GAT
n_tasks: 1
num_gnn_layers: 1
num_heads: 4
patience: 30
predictor_hidden_feats: 16
residual: true
val_split: 0.1
weight_decay: 0.0016372160751299144
