alpha: 0.9956798886973033
atom_featurizer_type: Canonical
batch_size: 128
bond_featurizer_type: Canonical
dropout: 0.00410498203487013
epochs: 100
gnn_hidden_feats: 64
in_node_feats: 74
lr: 0.1957407946566671
model: GAT
n_tasks: 1
num_gnn_layers: 3
num_heads: 8
patience: 30
predictor_hidden_feats: 32
residual: true
val_split: 0.1
weight_decay: 0.0027620106205699887
