alpha: 0.4487713340443851
atom_featurizer_type: Canonical
batch_size: 32
bond_featurizer_type: Canonical
dropout: 0.0865000026756485
epochs: 100
gnn_hidden_feats: 32
in_node_feats: 74
lr: 0.1562159423790274
model: GAT
n_tasks: 1
num_gnn_layers: 3
num_heads: 8
patience: 30
predictor_hidden_feats: 256
residual: true
val_split: 0.1
weight_decay: 2.2868728969921426e-05
