alpha: 0.1934193522897909
atom_featurizer_type: Canonical
batch_size: 128
bond_featurizer_type: Canonical
dropout: 0.417358948748407
epochs: 100
gnn_hidden_feats: 256
in_node_feats: 74
lr: 0.14741877496634848
model: GAT
n_tasks: 1
num_gnn_layers: 5
num_heads: 6
patience: 30
predictor_hidden_feats: 256
residual: false
val_split: 0.1
weight_decay: 0.0008358924152479358
