alpha: 0.7425079835954715
atom_featurizer_type: Canonical
batch_size: 32
bond_featurizer_type: Canonical
dropout: 0.10454378604381527
epochs: 100
gnn_hidden_feats: 64
in_node_feats: 74
lr: 0.10474875407734456
model: GAT
n_tasks: 1
num_gnn_layers: 2
num_heads: 6
patience: 30
predictor_hidden_feats: 32
residual: false
val_split: 0.1
weight_decay: 0.0009964113279330494
