atom_featurizer_type: Attentivefp
batch_size: 32
bond_featurizer_type: Attentivefp
dropout: 0.45032456384617037
epochs: 100
graph_feat_size: 128
in_edge_feats: 11
in_node_feats: 39
lr: 0.01998638396979108
model: AFP
n_tasks: 1
num_layers: 2
num_timesteps: 1
patience: 30
val_split: 0.1
weight_decay: 0.002040413728661078
