alpha: 0.1696629624116478
atom_featurizer_type: Canonical
batch_size: 64
bond_featurizer_type: Canonical
dropout: 0.006264373393983069
epochs: 100
gnn_hidden_feats: 64
in_node_feats: 74
lr: 0.1684696467156984
model: GAT
n_tasks: 1
num_gnn_layers: 5
num_heads: 6
patience: 30
predictor_hidden_feats: 32
residual: true
val_split: 0.1
weight_decay: 0.0026056941865108102
