atom_featurizer_type: Attentivefp
batch_size: 128
bond_featurizer_type: Attentivefp
dropout: 0.023978628135246694
epochs: 100
graph_feat_size: 16
in_edge_feats: 11
in_node_feats: 39
lr: 0.12394121966836505
model: AFP
n_tasks: 1
num_layers: 2
num_timesteps: 2
patience: 30
val_split: 0.1
weight_decay: 0.0019743335426700907
