alpha: 0.04729001817150258
atom_featurizer_type: Canonical
batch_size: 32
bond_featurizer_type: Canonical
dropout: 0.11798140508582908
epochs: 100
gnn_hidden_feats: 64
in_node_feats: 74
lr: 0.2692288401213053
model: GAT
n_tasks: 1
num_gnn_layers: 1
num_heads: 8
patience: 30
predictor_hidden_feats: 32
residual: true
val_split: 0.1
weight_decay: 0.00013931975448796042
