alpha: 0.6106807971016054
atom_featurizer_type: Canonical
batch_size: 128
bond_featurizer_type: Canonical
dropout: 0.003296823124253634
epochs: 100
gnn_hidden_feats: 64
in_node_feats: 74
lr: 0.25300288910705865
model: GAT
n_tasks: 1
num_gnn_layers: 1
num_heads: 6
patience: 30
predictor_hidden_feats: 64
residual: true
val_split: 0.1
weight_decay: 0.0002738213858807954
